a     
-10   1.223060e+00 -6.012418e+00 2.873627e-20 7.866579e-02 2.013905e-03 -1.917705e-21
-7.5  8.924661e-01 -3.602182e+00 -3.725463e-21 8.258853e-02 2.549447e-03 -1.546452e-22
-5    6.552005e-01 -9.835737e-01 -3.343252e-20 8.835677e-02 2.817314e-03 -4.614537e-22
-2.5  5.128324e-01 1.818626e+00 -6.932281e-20 9.038715e-02 2.518089e-03 -4.223915e-22
0     4.684969e-01 4.429381e+00 2.407225e-20 9.286226e-02 2.270315e-03 -7.156765e-22
2.5   5.200289e-01 7.352213e+00 3.302987e-20 9.242044e-02 1.546774e-03 -9.248036e-23
5     6.720552e-01 1.019614e+01 7.015808e-20 9.111017e-02 1.374688e-03 -1.955560e-21
7.5   
10    
12.5  
15    
17.5  
20    
22.5  
25    
27.5  
30    