(0.1587086590060377 0.01476009510168908 0)
(0.1585294906932573 0.01479145934399479 0)
(0.1579906536508076 0.01488734803824028 0)
(0.1570971289987668 0.01504254693061815 0)
(0.1558545924499235 0.01524790253630894 0)
(0.1542692406615995 0.01549130694723416 0)
(0.1523491233397578 0.01575590186472792 0)
(0.1501071571478136 0.01603177972570843 0)
(0.1475516249254593 0.01631227760539523 0)
(0.1446937068543333 0.01659733601823666 0)
(0.1415477111875109 0.016886431615461 0)
(0.1381245849729011 0.01716930953763111 0)
(0.1344426327759042 0.01744005853399023 0)
(0.1305185368427696 0.01769045044192022 0)
(0.1263700807943646 0.01791752843392334 0)
(0.1220144107401588 0.01811619241881817 0)
(0.1174709897014829 0.0182797199862726 0)
(0.1127606128037763 0.01839959275862614 0)
(0.1079072032439148 0.01846682849499832 0)
(0.1029308615546271 0.0184768480487407 0)
(0.09785435247685842 0.01842148033854813 0)
(0.09269957251066564 0.01829747832188056 0)
(0.08748876545246105 0.01809962534069186 0)
(0.08224678222556062 0.01782519529697497 0)
(0.07699615684141893 0.01747308441187349 0)
(0.07176063884873427 0.01703529525225995 0)
(0.06656328320349422 0.01650776961601891 0)
(0.06142801310257476 0.01588152526226991 0)
(0.05638054771018014 0.01514891205424079 0)
(0.05144313082272265 0.01430471333388545 0)
(0.04663731164390388 0.01334765167416984 0)
(0.04198411843289239 0.01227940407131894 0)
(0.03750243618517312 0.01110228503295541 0)
(0.03321271513406865 0.009827008473258998 0)
(0.02913175649693187 0.008467706592888515 0)
(0.02527607127607333 0.007034398713313059 0)
(0.02166072180283057 0.005533802436387342 0)
(0.01829949778998446 0.00398561151293291 0)
(0.01520491392752052 0.002405233166403927 0)
(0.01239405924359525 0.000793649800314709 0)
(0.009877186193407148 -0.0008554542137598452 0)
(0.007665651011011007 -0.002525860492790225 0)
(0.00576525078453767 -0.004187099481984738 0)
(0.004175759592973824 -0.005797578526226217 0)
(0.00290627383982596 -0.007345539418030202 0)
(0.001962585804747452 -0.008835037955273423 0)
(0.001354538756791063 -0.01029886300884762 0)
(0.00107860505532914 -0.01169397325266261 0)
(0.001118580742764372 -0.01290543639465831 0)
(0.001465145898815731 -0.01388615531086779 0)
(0.00212015357212457 -0.01464088039187845 0)
(0.003095813812201836 -0.01526189335143109 0)
(0.004396696148741219 -0.01579814436213398 0)
(0.006015041090821946 -0.01622866224613152 0)
(0.007946792840567304 -0.01655923928307711 0)
(0.0101757354191865 -0.01676125656258169 0)
(0.01268976572707842 -0.01680638538929858 0)
(0.01547805087895994 -0.01669653589318211 0)
(0.01852819275171023 -0.01644201761074371 0)
(0.02183167537190749 -0.01604636299108841 0)
(0.02537297254499421 -0.01551941770750764 0)
(0.0291388749882742 -0.01487264975244351 0)
(0.03311507204443358 -0.01412279845345852 0)
(0.03728632773395717 -0.01327559660465439 0)
(0.04163578375817906 -0.01233909391199418 0)
(0.04614785443699004 -0.01133431623040778 0)
(0.05080313142613353 -0.01027788632059302 0)
(0.05558516080461194 -0.009185905998714742 0)
(0.06047447714685569 -0.008068915530775024 0)
(0.06545022584187386 -0.006929576720751862 0)
(0.07049172592685318 -0.005771536180376267 0)
(0.07557482107118839 -0.004596007042653201 0)
(0.08067784550431319 -0.003406809567491342 0)
(0.08577913345566132 -0.002207764014799361 0)
(0.0908575400991995 -0.001005645067744969 0)
(0.09589192060889448 0.0001927725905041294 0)
(0.1008595078395623 0.001378397364918864 0)
(0.1057406627174557 0.002541673797250156 0)
(0.1105164407615381 0.003669107198236879 0)
(0.1151658137126409 0.004759020571654049 0)
(0.1196711121125229 0.005802205755607924 0)
(0.1240104965424401 0.006795827297942844 0)
(0.1281647347105523 0.007739540306542173 0)
(0.1321159264291277 0.008631203921960916 0)
(0.1358479674777626 0.009470009388862428 0)
(0.1393444634210113 0.01025103507272035 0)
(0.1425908157907561 0.01097069144311667 0)
(0.1455699355588406 0.01162799609653706 0)
(0.148273306751843 0.0122194165838765 0)
(0.1506850582830891 0.0127543395236838 0)
(0.1527936626745851 0.01323479401701667 0)
(0.154591184382994 0.01366547337314953 0)
(0.1560674851157431 0.01404052823111598 0)
(0.1572195509640219 0.01434825746474454 0)
(0.158045700123128 0.01457516398053542 0)
(0.1585433825474706 0.01471267472375381 0)
(0.1587086590060377 0.01476009510168908 0)
