(0.1599190988344579 0.00370764792605356 0)
(0.1597455571865508 0.003762130000552163 0)
(0.159223845955833 0.00392753070110377 0)
(0.1583582230515151 0.00419803021592835 0)
(0.1571531208603572 0.004563812540359547 0)
(0.1556131026272812 0.005012064525066259 0)
(0.1537439487423677 0.005525021398996837 0)
(0.1515571721687024 0.00609117439675332 0)
(0.1490601151989353 0.006702836468274608 0)
(0.1462638546022786 0.007358489330378559 0)
(0.1431825079119965 0.008055746509823538 0)
(0.1398255899947316 0.008783012002436853 0)
(0.1362104772447372 0.009532035903809478 0)
(0.1323526351985979 0.01029248297431449 0)
(0.1282693093924048 0.01105910045420762 0)
(0.1239768335528022 0.01182459386791404 0)
(0.1194936267416522 0.01257975788219052 0)
(0.1148391943078132 0.01331343268673802 0)
(0.1100360823641958 0.01401359028119801 0)
(0.105103621782109 0.01467306704815777 0)
(0.1000633160068543 0.015280790416093 0)
(0.09493645038679661 0.01583068305458729 0)
(0.08974439750907534 0.01631466953678109 0)
(0.08451143986672005 0.01672680339042007 0)
(0.07925977461754236 0.01706304900091838 0)
(0.07401190425506544 0.01731237741613907 0)
(0.06879015679526304 0.01746775587683153 0)
(0.0636170783510457 0.01751715638263721 0)
(0.05851716951237976 0.01744963722019392 0)
(0.05351180286640474 0.01725712296264208 0)
(0.04862217652271067 0.01693553437600845 0)
(0.04386935773272552 0.01648378937098456 0)
(0.03927237203204669 0.01590171766770875 0)
(0.03485289314583744 0.01519727223025414 0)
(0.0306294231770468 0.01438227135741806 0)
(0.02661963965795168 0.01346449353572417 0)
(0.02283935288254794 0.01244863286825664 0)
(0.01930480514101724 0.01135241470436758 0)
(0.0160304151046476 0.01018948096174802 0)
(0.01303325383198059 0.008958575073540014 0)
(0.01032266171210941 0.007652097228457195 0)
(0.007912014748713073 0.006284644773024823 0)
(0.005811037509995384 0.00488566991892979 0)
(0.004024934938625449 0.003496438978968513 0)
(0.002564260371167013 0.002127422248617824 0)
(0.001434227145664796 0.0007738425837066449 0)
(0.0006403145141755523 -0.0005980931777493487 0)
(0.0001846430359289247 -0.001945251484672675 0)
(6.614905487681288e-005 -0.003151568265810377 0)
(0.0002817397922041665 -0.00416913282591389 0)
(0.0008326323930693269 -0.00500289678670376 0)
(0.001718887267610977 -0.005745946110336559 0)
(0.002938645572923698 -0.006447408637219261 0)
(0.004486951489599086 -0.007085479784026525 0)
(0.006359027873466108 -0.007665372888803089 0)
(0.008542532993078999 -0.008156597269940932 0)
(0.01102916492926576 -0.008529486816504155 0)
(0.01380793415158896 -0.00878452134175378 0)
(0.0168652029400454 -0.008930303902885574 0)
(0.02019206709941554 -0.008969225170828991 0)
(0.02377184814564409 -0.008909020012720311 0)
(0.02758995292989358 -0.008759334153364252 0)
(0.03163000830382023 -0.008534895797448176 0)
(0.03587616035404086 -0.008239399999834666 0)
(0.04031064430950378 -0.007878627150604212 0)
(0.04491526340297154 -0.007471388886105228 0)
(0.04966860562560509 -0.007031632459740315 0)
(0.0545522561132301 -0.006573174266749978 0)
(0.05954554018890493 -0.006103923651819964 0)
(0.06462743422058899 -0.005623797573863361 0)
(0.06977695819562904 -0.005133712040014844 0)
(0.07497000409854505 -0.004631716770906432 0)
(0.08018459286846222 -0.004118771393060165 0)
(0.08539874544450572 -0.003595835532998078 0)
(0.09059061362396287 -0.003066865961906957 0)
(0.09573834920412094 -0.002535819450973583 0)
(0.1008181931245988 -0.002008738106602632 0)
(0.1058094270890675 -0.001492532225258271 0)
(0.1106915072787474 -0.000998108296290988 0)
(0.1154433664422105 -0.0005243842303922924 0)
(0.120046284379571 -7.818308525161599e-005 0)
(0.1244782384105667 0.0003405345608305866 0)
(0.1287201157608255 0.0007339370841591179 0)
(0.1327538899429716 0.001102238383982984 0)
(0.1365634889466848 0.001446738646547503 0)
(0.1401320161909731 0.001764698245824302 0)
(0.1434445295719001 0.002054463842781318 0)
(0.1464839580309241 0.002317292004276504 0)
(0.1492413973728257 0.002550792059380407 0)
(0.1517023374898542 0.002766341915328897 0)
(0.1538556143740229 0.002967457951747281 0)
(0.1556939729714565 0.003159829122253495 0)
(0.1572065982292671 0.00333897942070019 0)
(0.1583889747196077 0.00349370121971314 0)
(0.1592376733016278 0.003610832414862321 0)
(0.15974904673754 0.003682206142825614 0)
(0.1599190988344579 0.00370764792605356 0)
