(0.1596765493377984 0.007408238133550945 0)
(0.1595007963883743 0.007455098572822783 0)
(0.1589723670339186 0.007597585124291736 0)
(0.1580957689876801 0.00783006924274024 0)
(0.1568758585858785 0.008142937604158372 0)
(0.1553177536319622 0.008523588300441929 0)
(0.1534280039027908 0.008954525605738995 0)
(0.1512186134089564 0.009424753896842698 0)
(0.1486972527592877 0.009926913706367533 0)
(0.1458750544069491 0.01045997135808755 0)
(0.1427662265449421 0.01102215844830693 0)
(0.1393807807944626 0.0116023050423333 0)
(0.1357364368670629 0.01219292703551055 0)
(0.1318490963963845 0.01278437362230089 0)
(0.1277362176267515 0.01337214928214247 0)
(0.1234144369192754 0.01394967894933453 0)
(0.1189025573359492 0.0145085694802656 0)
(0.1142205524449497 0.01503852249767079 0)
(0.1093914715542906 0.01552850489681535 0)
(0.1044349396091777 0.01597220307922676 0)
(0.09937292256718386 0.01635949297912561 0)
(0.09422695060716819 0.01668523150422297 0)
(0.0890187282194754 0.0169422831728337 0)
(0.0837727741670589 0.01712576635989712 0)
(0.07851144051199047 0.01723261751826322 0)
(0.07325768940654107 0.01725279973789532 0)
(0.06803413438001071 0.01718026088754916 0)
(0.06286382474041316 0.01700396786248999 0)
(0.05777171502941555 0.01671405806416665 0)
(0.05277950973736256 0.01630339601089401 0)
(0.04790856473162784 0.01576883099977933 0)
(0.04317997441235683 0.01511020091202411 0)
(0.03861275363455601 0.01432816551204247 0)
(0.03422820859138417 0.01343161558906149 0)
(0.03004430826893481 0.01243316524387241 0)
(0.02607837408157437 0.01134135664273131 0)
(0.02234599652150132 0.01016156905631452 0)
(0.0188626292509565 0.008912219442116323 0)
(0.0156420821657556 0.007607565667353115 0)
(0.01270146488725163 0.006247096990255423 0)
(0.01005044041366943 0.004823628254923247 0)
(0.007701735290383788 0.003352326367528334 0)
(0.005663780142534061 0.001863039687485574 0)
(0.003939974947554228 0.000397222287615958 0)
(0.002540406289695818 -0.00103420517192937 0)
(0.001470490921163012 -0.002435787885927133 0)
(0.0007371769160016278 -0.003841047851141457 0)
(0.00034070135606587 -0.005206800072583409 0)
(0.0002749389539893621 -0.006417137342303353 0)
(0.0005347100394221538 -0.007424329470535634 0)
(0.001121446585776051 -0.008233270275027963 0)
(0.002039269298334229 -0.008936954485673864 0)
(0.00328846402969897 -0.009584544265650821 0)
(0.004863128574737419 -0.01015447195457181 0)
(0.006758717738672884 -0.01065215430464102 0)
(0.008961571551801176 -0.01104766799338785 0)
(0.01146210197895324 -0.01131173727006875 0)
(0.01424935087845004 -0.01144532084785398 0)
(0.01731006877046028 -0.01145760846472671 0)
(0.02063546421418662 -0.01135137691176787 0)
(0.02420921198996076 -0.01113508119949081 0)
(0.02801715357899602 -0.01081899441631957 0)
(0.03204357385182334 -0.01041854493565414 0)
(0.03627279516050148 -0.009938115833472764 0)
(0.04068732177917852 -0.009384256886635354 0)
(0.04526979481196018 -0.00877655555881977 0)
(0.04999943100014417 -0.00812987980744165 0)
(0.05485843566912245 -0.007458836122688395 0)
(0.05982649882043434 -0.006772228138044347 0)
(0.06488261320967717 -0.006070889929409114 0)
(0.07000585874819099 -0.005356651767380401 0)
(0.07517206529599338 -0.004628616805689871 0)
(0.08035931656972631 -0.003888702470677977 0)
(0.08554569628603177 -0.003138826188685164 0)
(0.09070954962877996 -0.002383893970146158 0)
(0.09582922178184114 -0.001628811825495682 0)
(0.1008812398511748 -0.0008806524660501373 0)
(0.1058452066825776 -0.0001472233305957775 0)
(0.110701073744817 0.0005596833632887802 0)
(0.1154277466377475 0.001240229734402018 0)
(0.120006820596562 0.001886782655443181 0)
(0.1244162921821597 0.002498420894769913 0)
(0.1286369722280486 0.003076477077364281 0)
(0.1326508420739202 0.003620378594554921 0)
(0.1364417882931197 0.004130723343854053 0)
(0.1399930498872649 0.004604037288238784 0)
(0.1432897710916273 0.00503801689686981 0)
(0.1463148422848538 0.005433172911516598 0)
(0.1490594720261469 0.00578672854109824 0)
(0.1515086677208206 0.006109417941593368 0)
(0.1536511226042248 0.006404267178624126 0)
(0.1554793403790163 0.006676643330179833 0)
(0.1569827115264872 0.006921602904297892 0)
(0.1581572137863172 0.007127751980585559 0)
(0.1589999954043696 0.007281791404996653 0)
(0.1595077688477942 0.007375402996975444 0)
(0.1596765493377984 0.007408238133550945 0)
