(0.1592728132167739 0.01109472633870438 0)
(0.1590951835215613 0.01113387594123993 0)
(0.1585610419386778 0.0112531771123771 0)
(0.1576751374047222 0.01144720328771653 0)
(0.1564427409610621 0.01170656212341336 0)
(0.154869515227642 0.01201888694103862 0)
(0.1529627669002286 0.01236698436404866 0)
(0.1507349681866037 0.01274039284222144 0)
(0.1481941034103347 0.0131320945000115 0)
(0.1453513395172811 0.01354154223581051 0)
(0.1422209483140789 0.01396758908172543 0)
(0.138813419118787 0.01439951243514975 0)
(0.1351467812297787 0.01483060823759886 0)
(0.1312373421080892 0.01525192848848094 0)
(0.1271027394735151 0.01565974346389549 0)
(0.122759880653376 0.01604821002402703 0)
(0.118227916917099 0.0164097631917218 0)
(0.1135272520313568 0.01673498562629549 0)
(0.1086813946235984 0.01701386012077908 0)
(0.1037102263557278 0.01724093511393376 0)
(0.09863613388414039 0.01740705431745966 0)
(0.09348085123427059 0.01750801866736379 0)
(0.08826637348393725 0.01753764620993041 0)
(0.08301740899315888 0.01749212945974318 0)
(0.07775642217984677 0.01736938276872408 0)
(0.07250679114525781 0.01716038037476545 0)
(0.06729137188587997 0.01686006229520515 0)
(0.06213367302916235 0.01645841132307416 0)
(0.05705905556608456 0.01594666274864928 0)
(0.05208951457446542 0.01531863461821476 0)
(0.04724652302735489 0.01457211075750035 0)
(0.04255116231922625 0.01370784932681994 0)
(0.03802240042863784 0.01272733887896432 0)
(0.03368113545919432 0.01164039110419195 0)
(0.02954476907514739 0.01046039189363013 0)
(0.02563023360065624 0.009196630832768435 0)
(0.02195287004873395 0.007855162120127879 0)
(0.01852731403675614 0.006455059263619559 0)
(0.01536674039714459 0.005011168939324635 0)
(0.01248826474492705 0.003523727202788101 0)
(0.009901854293393672 0.001985977230848944 0)
(0.007619561903912567 0.0004136266182574819 0)
(0.00564850821038454 -0.001163136945892027 0)
(0.003990281752958125 -0.002702750538937712 0)
(0.002654483163186269 -0.004193863924151419 0)
(0.001646722296336889 -0.005640781694878915 0)
(0.0009754028223910305 -0.007076690871638029 0)
(0.0006388778945286833 -0.008458437220620809 0)
(0.0006259722538978219 -0.00967049103313901 0)
(0.0009294291984105196 -0.01066539348203891 0)
(0.001550892803889245 -0.01144797126543516 0)
(0.00249853622676495 -0.0121109508602044 0)
(0.003774789471010967 -0.01270343516932283 0)
(0.005372815180952908 -0.01320413451060911 0)
(0.007288308763245044 -0.01361865873933121 0)
(0.009506318012453413 -0.01391770885290095 0)
(0.01201598702878184 -0.01407245518882266 0)
(0.01480640991875516 -0.01408433353521077 0)
(0.01786475066385194 -0.01396310281764735 0)
(0.02118234731270421 -0.01371192066158512 0)
(0.02474325898601421 -0.01333994612632144 0)
(0.02853378874659128 -0.01285806010849198 0)
(0.03253890939848315 -0.01228236178142371 0)
(0.03674314940248451 -0.01161791389877627 0)
(0.04112931538205173 -0.01087202315631649 0)
(0.04568091935627865 -0.01006501555920129 0)
(0.05037784637871393 -0.009212651466857357 0)
(0.05520295583749031 -0.008330299660134743 0)
(0.06013634107386449 -0.007427641303099677 0)
(0.06515705121955541 -0.00650642600092741 0)
(0.0702442659324742 -0.005569394803654566 0)
(0.07537379895737123 -0.004616706005310299 0)
(0.0805238385072963 -0.003651231182123453 0)
(0.08567257279529916 -0.002675841910322868 0)
(0.09079858161300625 -0.00169638410072151 0)
(0.09588044475204402 -0.000718703664132337 0)
(0.1008950201667006 0.0002491095465244988 0)
(0.1058222706720404 0.001198365812044133 0)
(0.1106426811878969 0.002116409633776206 0)
(0.1153351703197967 0.003002482851406844 0)
(0.119881683772527 0.003848156798115626 0)
(0.1242602792329455 0.004651551342535084 0)
(0.1284517276701093 0.005413160821597156 0)
(0.1324380525503215 0.006131627208703256 0)
(0.1362031297034156 0.006806844974500611 0)
(0.1397303656191328 0.007434612283998733 0)
(0.1430050191507447 0.008011979799452949 0)
(0.1460099746832235 0.008538711465318261 0)
(0.1487365702652012 0.009011649656141941 0)
(0.151169359354312 0.009440864343569401 0)
(0.1532969139523119 0.009828885518931709 0)
(0.1551115107880179 0.01018074816805157 0)
(0.1566027660727239 0.01049105072336907 0)
(0.1577671583702373 0.01074823466044799 0)
(0.1586024187416116 0.01093888909132161 0)
(0.1591056256169389 0.01105456035233003 0)
(0.1592728132167739 0.01109472633870438 0)
