(0.1587086590060377 -0.01476009510168908 0)
(0.1585510230672879 -0.01466934318262128 0)
(0.1580774777396411 -0.01439494416173418 0)
(0.1572909203650431 -0.01394350147825653 0)
(0.1561935536927293 -0.01332555780242911 0)
(0.1547870595274023 -0.01255461022775176 0)
(0.1530732362406289 -0.01164925353466702 0)
(0.1510608329395604 -0.01062321554616538 0)
(0.1487553540930464 -0.009485590261514605 0)
(0.1461672852900149 -0.00824025742617506 0)
(0.1433098928944749 -0.006892602537893112 0)
(0.1401899563980715 -0.005456006123303908 0)
(0.1368226546990071 -0.003942283471204905 0)
(0.1332208497836224 -0.002364872189544237 0)
(0.1294002414946526 -0.0007326331438603124 0)
(0.1253751975707245 0.0009437768329800984 0)
(0.1211617080696158 0.002651383996248868 0)
(0.1167764005605017 0.004375071337534181 0)
(0.1122386833876387 0.006098216096138202 0)
(0.1075658787129128 0.007809640494661163 0)
(0.1027765837210052 0.009493880228335912 0)
(0.09789026383748553 0.01114039503116036 0)
(0.09292603719156797 0.01273667502162639 0)
(0.08790632363208122 0.01427165898919891 0)
(0.08285192068870316 0.01573660263520419 0)
(0.07778241035386807 0.0171158680066974 0)
(0.07271806921272089 0.01839775638174579 0)
(0.06767830560951825 0.0195656449996515 0)
(0.06268467115220037 0.02060354861111441 0)
(0.05775628396998157 0.02149895733462638 0)
(0.05291295678478673 0.02224330051969135 0)
(0.0481750232630738 0.0228309619390723 0)
(0.04356102110397232 0.02325765746964053 0)
(0.03909383161529224 0.02352646050575846 0)
(0.03479407627429514 0.02364490461733356 0)
(0.03068069715777887 0.0236167577914389 0)
(0.02677014578250234 0.02344318088824387 0)
(0.02308211589928706 0.02313796362052933 0)
(0.01963363705073791 0.02271130376641942 0)
(0.01644110367230073 0.02215827969138781 0)
(0.01351198984833134 0.02146945009981138 0)
(0.01086251396185921 0.02065617122574497 0)
(0.008508544695319822 0.0197450923640716 0)
(0.00646409527826862 0.0187753750954211 0)
(0.004741735077765416 0.01775495736736924 0)
(0.003345519891686882 0.01667804690026265 0)
(0.00227348491300447 0.01551046563778823 0)
(0.001537036244369849 0.01429386572061484 0)
(0.001160256305404436 0.01314179025538124 0)
(0.001150495400883259 0.01210168366240967 0)
(0.001507870097670963 0.0111684482547574 0)
(0.002212291884232498 0.01025119150410498 0)
(0.003251312768850156 0.009302352423265459 0)
(0.004624813780420498 0.008344291375515787 0)
(0.006327002639290188 0.007372952562979231 0)
(0.008352429553683718 0.006420775155953507 0)
(0.01069941031466007 0.00551851892427265 0)
(0.01335711203693606 0.004668093997890998 0)
(0.01631035822654819 0.003864052989271788 0)
(0.01954993831736403 0.003105989116508 0)
(0.0230578950403387 0.002389960744348884 0)
(0.02681789344557801 0.001709709325682336 0)
(0.03081076072679342 0.001054399570986522 0)
(0.03502021901540373 0.0004238554278450752 0)
(0.03942767353096637 -0.0001837214753090581 0)
(0.04401128725897614 -0.000782758362654427 0)
(0.04874713700255708 -0.001382237475071518 0)
(0.05361425398809228 -0.001991661997973819 0)
(0.05859074171552484 -0.002614278973901409 0)
(0.06365609287021914 -0.00324545698337027 0)
(0.06878962648936193 -0.003881549414649396 0)
(0.07396822813141395 -0.004515434288215747 0)
(0.07917023202580889 -0.005143291344160647 0)
(0.08437397240198051 -0.005761300322575426 0)
(0.08955726254482953 -0.006368595386810444 0)
(0.09469791573925668 -0.006964310700216072 0)
(0.09977142835830133 -0.00754920274529336 0)
(0.1047560775500842 -0.008125533756829376 0)
(0.1096294458700154 -0.008699505200623237 0)
(0.1143711996516371 -0.009265500849437912 0)
(0.1189615856585758 -0.009826130234415805 0)
(0.1233791117684432 -0.01037658828789523 0)
(0.1276055875784648 -0.01091062127124148 0)
(0.1316234601972643 -0.01142411870950354 0)
(0.1354173199971486 -0.0119123326163327 0)
(0.1389700779499614 -0.01237428058821467 0)
(0.1422667882912296 -0.01280834271023745 0)
(0.1452910565855076 -0.01320959734787466 0)
(0.1480336722666626 -0.01357845128303334 0)
(0.1504829318042848 -0.01390065574819001 0)
(0.1526286969058016 -0.01417036138237827 0)
(0.1544651158060078 -0.01438044380183639 0)
(0.1559806610269097 -0.01453293210762208 0)
(0.1571684983997879 -0.01463779094413013 0)
(0.1580224312673207 -0.01470712821943905 0)
(0.1585371312130746 -0.01474812780286225 0)
(0.1587086590060377 -0.01476009510168908 0)
