(0.1579851606051944 -0.01839736718473875 0)
(0.157831633244041 -0.01829982565831389 0)
(0.1573705077438017 -0.01800503204741117 0)
(0.1566043906508213 -0.01751970988652902 0)
(0.155535022752989 -0.01685448789419442 0)
(0.1541634955193519 -0.01602292367695568 0)
(0.1524907945168949 -0.01504367276101064 0)
(0.1505250617263289 -0.01393083153419806 0)
(0.1482713997027924 -0.01269372544187247 0)
(0.1457401148231356 -0.01133668791180143 0)
(0.1429442259126167 -0.009865677986601425 0)
(0.1398899223599322 -0.008294359174883343 0)
(0.1365918532406779 -0.006635197614148215 0)
(0.1330622821592072 -0.004902179154683426 0)
(0.1293165075099575 -0.003104841045968646 0)
(0.1253684185121312 -0.00125445668988384 0)
(0.1212334240977172 0.0006353150404489021 0)
(0.1169274766154834 0.002548646240279321 0)
(0.1124692408626053 0.004468083390008212 0)
(0.1078755349463067 0.0063817037689138 0)
(0.1031642638073697 0.008273246593017942 0)
(0.09835441458464647 0.0101313325583781 0)
(0.09346454153776095 0.01194262976903749 0)
(0.08851656069358649 0.01369510960221177 0)
(0.08353086836621001 0.01537912890635868 0)
(0.07852634579242095 0.01697821045788616 0)
(0.07352273996746438 0.01847978221723062 0)
(0.06853871568851579 0.01986639066479283 0)
(0.06359510678437877 0.02112112569775287 0)
(0.05871046751467741 0.02223065542015395 0)
(0.05390421789749154 0.02318555312006776 0)
(0.04919642726974281 0.02397932097358738 0)
(0.04460542881595254 0.02460687033204084 0)
(0.04015421612557495 0.02507027359597136 0)
(0.03586371965849862 0.02537615766879243 0)
(0.03175302782014929 0.025527460709503 0)
(0.02783862710509664 0.02552462486830855 0)
(0.02414079401889865 0.02538056770389316 0)
(0.02067698671664331 0.02510473447014033 0)
(0.01746336935122377 0.02469149310159886 0)
(0.01450699706979263 0.02413108527368635 0)
(0.01182456817104469 0.02343414897590735 0)
(0.009433098659862471 0.02262661595671502 0)
(0.007348296632467277 0.02174699927510371 0)
(0.005583065741076809 0.02080268105539129 0)
(0.004141205267656975 0.01978769761947249 0)
(0.003019261449362376 0.01866798914464946 0)
(0.002230446373620812 0.01748467060077261 0)
(0.001803772219677563 0.01635012656621211 0)
(0.001748651792994591 0.01531143568892364 0)
(0.002064979191509289 0.01436350004925767 0)
(0.002728720347096911 0.0134163898770078 0)
(0.003725364534646072 0.0124231324262809 0)
(0.005055768241634895 0.01140607196768938 0)
(0.006713967789958086 0.0103614092192673 0)
(0.008695933551569404 0.009321790192988717 0)
(0.01100132464283718 0.008318018846364789 0)
(0.01361940180768306 0.00735247601514884 0)
(0.01653476538509589 0.00642038148587904 0)
(0.01973819583178369 0.005521730623066596 0)
(0.02321158103832788 0.004653368828098612 0)
(0.0269383286080962 0.003809756031120083 0)
(0.03089881135437247 0.002980903561468276 0)
(0.03507675922220099 0.00216734556494484 0)
(0.03945351668538388 0.001368096474565064 0)
(0.04400663820673498 0.0005696953148656113 0)
(0.04871183155911646 -0.0002357880907394392 0)
(0.05354773340341185 -0.001056933237677821 0)
(0.05849232644617405 -0.001896028966106675 0)
(0.06352532491086751 -0.002747553748126182 0)
(0.06862622658134268 -0.003606962351843637 0)
(0.07377224967227052 -0.004466131338503172 0)
(0.07894191567149436 -0.005320299036598147 0)
(0.08411374606685759 -0.006164703774621919 0)
(0.08926561302736175 -0.006997512769089215 0)
(0.09437538872200839 -0.007816893236514754 0)
(0.09941855984855694 -0.008622532106199624 0)
(0.1043733255531742 -0.009415741922293842 0)
(0.1092170192235714 -0.01020174041297591 0)
(0.1139295715228268 -0.01097402975433888 0)
(0.1184911341891215 -0.01173435536976065 0)
(0.1228804451499128 -0.01247697929172747 0)
(0.1270796040999072 -0.01319486027955316 0)
(0.1310712541505906 -0.01388312612417969 0)
(0.1348402074450768 -0.01453636119976984 0)
(0.138369434072017 -0.01515283862490088 0)
(0.1416440731516905 -0.01573028810137087 0)
(0.144647960531204 -0.01626307756372861 0)
(0.1473718766672656 -0.01675121164746291 0)
(0.1498047506911429 -0.0171799446458932 0)
(0.1519367091052133 -0.01754299053923766 0)
(0.1537622164751107 -0.01783297647415603 0)
(0.1552696677863009 -0.01805142679892346 0)
(0.156451800722995 -0.01820799857154857 0)
(0.1573018963861833 -0.01831451788166819 0)
(0.1578143180749259 -0.01837792933888349 0)
(0.1579851606051944 -0.01839736718473875 0)
