(0.1571036952345708 -0.02199961883371426 0)
(0.1569545686990717 -0.02189547337577181 0)
(0.1565067408048385 -0.02158084633124677 0)
(0.1557625223409054 -0.02106256853127728 0)
(0.1547231888201269 -0.02035133451030666 0)
(0.1533892392982216 -0.01946073658025706 0)
(0.1517608446615091 -0.0184094555012272 0)
(0.1498455242655375 -0.01721192939262868 0)
(0.1476479690387299 -0.01587769739438753 0)
(0.1451782865270853 -0.01441153836765246 0)
(0.1424492232350364 -0.01281997355653377 0)
(0.1394663666664786 -0.01111692344235283 0)
(0.1362438081890529 -0.009315481281313012 0)
(0.1327931896806575 -0.007430154543180026 0)
(0.1291293789660688 -0.005471138706678348 0)
(0.1252657603061464 -0.003450302283139929 0)
(0.1212171321753125 -0.001381963273639505 0)
(0.1169987413357256 0.0007173696500505037 0)
(0.1126284735079775 0.002829445433196085 0)
(0.108122610730407 0.004941619107329979 0)
(0.1034983316168248 0.007036864362589565 0)
(0.09877410887626739 0.009102984518243666 0)
(0.09396789757968085 0.01112585104190853 0)
(0.08910106821358042 0.01309249079571766 0)
(0.08419357705091894 0.01499238013154738 0)
(0.07926356863133355 0.01680823392048994 0)
(0.07433022277064176 0.01852663073694279 0)
(0.06941142518943563 0.0201293195261719 0)
(0.06452725227900485 0.02159849752117936 0)
(0.05969565911029558 0.0229200361895814 0)
(0.05493563603043435 0.02408367070229943 0)
(0.05026694984368306 0.02508203400773372 0)
(0.04570769432169609 0.02590924261820102 0)
(0.04128093156596749 0.02656636399549311 0)
(0.03700786117669292 0.02705910576184223 0)
(0.03290768155206128 0.02738957065522054 0)
(0.02899688278147361 0.02755748127421156 0)
(0.02529628552774356 0.02757485843409547 0)
(0.02182374332585181 0.02745037688493748 0)
(0.01859515927675506 0.02717770485131828 0)
(0.0156171561605291 0.02674678555522163 0)
(0.01290688040537338 0.02616751849158413 0)
(0.01048246294768511 0.02546506849987205 0)
(0.008361276849097474 0.02467722680564752 0)
(0.006556535484150708 0.02381080565767731 0)
(0.005071774386750688 0.02285968133160445 0)
(0.003902057412669163 0.0217899770731547 0)
(0.003062377484150641 0.02064219241667809 0)
(0.002586621313732176 0.01952733948184374 0)
(0.002486246289752428 0.01849204152735863 0)
(0.002760924242812157 0.0175312101050462 0)
(0.003382721298411648 0.01655604938924199 0)
(0.004335091620035772 0.01552026429063823 0)
(0.005619865523371584 0.01444614045359371 0)
(0.007230919284062151 0.01333014234420249 0)
(0.009165651108416453 0.01220506067257565 0)
(0.01142506408700357 0.01110168494681759 0)
(0.0139985330357343 0.01002286217642443 0)
(0.01687046444067977 0.008964488421417293 0)
(0.02003164733131318 0.007926961201549532 0)
(0.02346384923527192 0.00690791895980386 0)
(0.02715025189375571 0.005902550649420214 0)
(0.0310708111010862 0.00490173323259729 0)
(0.03520929558690746 0.00390671003657786 0)
(0.03954702459112078 0.002917310175042328 0)
(0.04406098678021482 0.001921064544974435 0)
(0.04872656713842488 0.0009111101296246813 0)
(0.05352204842746515 -0.0001201925448917462 0)
(0.05842533447166782 -0.001174169759411717 0)
(0.06341639964772594 -0.002244420388161789 0)
(0.06847495951328743 -0.003325509231194805 0)
(0.07357860830565667 -0.004408326853949446 0)
(0.0787060956566553 -0.005487179237433451 0)
(0.08383617119810495 -0.006556372362654564 0)
(0.08894680810469195 -0.007613109988099396 0)
(0.09401597955110265 -0.008654595872254565 0)
(0.09901920922228059 -0.00967944798716905 0)
(0.1039346597616031 -0.01068802668785344 0)
(0.108739458536267 -0.01168455603262345 0)
(0.1134138387420106 -0.01266166896987938 0)
(0.1179378948738636 -0.013620243492722 0)
(0.1222906353826929 -0.01455361965633277 0)
(0.1264544841349342 -0.01545398212137587 0)
(0.1304123132847594 -0.01631570621921316 0)
(0.1341491856570382 -0.01713271899347044 0)
(0.1376481628746334 -0.01790255237203353 0)
(0.1408944972311056 -0.0186222899950522 0)
(0.143872285625498 -0.0192856000871071 0)
(0.1465723170872839 -0.0198920851284449 0)
(0.1489841744834363 -0.02042653054251871 0)
(0.1510982679060467 -0.02088222561652722 0)
(0.1529093887886015 -0.021251563062197 0)
(0.1544058766708312 -0.02153555957333706 0)
(0.1555800549141081 -0.02174354623881108 0)
(0.1564246951675409 -0.02188704481818041 0)
(0.1569338631754635 -0.02197274744187494 0)
(0.1571036952345708 -0.02199961883371426 0)
