(0.1560659408135993 -0.02555999295786322 0)
(0.1559214989745906 -0.0254494418152016 0)
(0.1554878211522128 -0.02511558024751574 0)
(0.1547669179794719 -0.02456533337970813 0)
(0.1537595972661758 -0.02380944120448429 0)
(0.1524657647047339 -0.02286150486540197 0)
(0.150884776175509 -0.02174019479657214 0)
(0.1490235140953651 -0.02046026336519833 0)
(0.1468862488365616 -0.01903144524748306 0)
(0.1444828698739576 -0.01745895564112238 0)
(0.1418258271274651 -0.01574986557816158 0)
(0.1389200955800466 -0.01391832601420518 0)
(0.1357791820676696 -0.01197803240040149 0)
(0.1324140845808006 -0.009943986210201306 0)
(0.1288392120728053 -0.007827021743900694 0)
(0.1250674183684997 -0.005639580029897699 0)
(0.1211128633150021 -0.003396610942090884 0)
(0.1169900590647828 -0.001115272494079809 0)
(0.1127160782153647 0.001185421466186701 0)
(0.1083066357424158 0.003492127792912086 0)
(0.103778151232308 0.005787087060897774 0)
(0.09914854780041032 0.008057308429698937 0)
(0.09443514715049302 0.01028789362496926 0)
(0.0896587335487775 0.01246494968886538 0)
(0.08483878523918269 0.01457709250904449 0)
(0.079992675525031 0.0166062619545085 0)
(0.07513898053284288 0.01853821276206234 0)
(0.07029477286014121 0.02035393108375717 0)
(0.06547933324414991 0.02203475537699593 0)
(0.06070998338863916 0.02356578736743228 0)
(0.05600524782057713 0.02493594364852291 0)
(0.05138455318433054 0.02613700196457672 0)
(0.0468657193961641 0.02716229518845237 0)
(0.04247183316959081 0.02801188381121603 0)
(0.0382243228904694 0.02869054530913533 0)
(0.0341424604045099 0.02919954299647443 0)
(0.0302427080061223 0.02953788044824427 0)
(0.02654639088206087 0.02971665885401598 0)
(0.02307172396198041 0.02974376594715673 0)
(0.01983431902244463 0.02961218229517346 0)
(0.0168403538696142 0.02931157181026462 0)
(0.01410739042199268 0.02885107664854766 0)
(0.01165464003422394 0.0282550468377997 0)
(0.009501107662742869 0.02756047983240491 0)
(0.007660291252002738 0.02677360503807621 0)
(0.006135455857759764 0.02588815034106235 0)
(0.004920192350633831 0.02487048654183986 0)
(0.004031245947806572 0.02376042064609291 0)
(0.003507313389823505 0.02266738099691027 0)
(0.003361874838110054 0.02163744671372736 0)
(0.003594380480619497 0.02066554850599093 0)
(0.004173049810194882 0.01966419352047942 0)
(0.005079333374857567 0.01858785244980418 0)
(0.006316031834393609 0.01745870989007969 0)
(0.007876873075051763 0.01627350078554973 0)
(0.009760688090158412 0.01506509812548204 0)
(0.01196982203504349 0.01386421835899559 0)
(0.01449378402324873 0.01267416924988495 0)
(0.01731681637106764 0.01149153094373716 0)
(0.02042973421434445 0.0103171023588463 0)
(0.02381421942431995 0.009149319475148673 0)
(0.02745325989453735 0.007984109427080128 0)
(0.03132643255564088 0.006813232175921752 0)
(0.03541757581902007 0.005638637863613375 0)
(0.03970801925056389 0.004460970609792331 0)
(0.04417422952381708 0.003268776919535732 0)
(0.04879131569046961 0.002056274000072947 0)
(0.05353724795306373 0.0008167769412348288 0)
(0.05838989331503717 -0.0004500754538442706 0)
(0.06332952442622374 -0.001737014646424014 0)
(0.06833611323065771 -0.003037725814714806 0)
(0.07338767263891964 -0.004342130868676308 0)
(0.07846322087809308 -0.005643614280719421 0)
(0.08354177617526157 -0.006935560523255051 0)
(0.08860145464011011 -0.008214215219546347 0)
(0.09362037238232376 -0.009475823992856465 0)
(0.09857413666608704 -0.01071793848875104 0)
(0.1034409152006372 -0.01193996618714497 0)
(0.1081976728720134 -0.01314512943575616 0)
(0.1128249830358491 -0.0143252059788935 0)
(0.117302920835283 -0.01548020470807092 0)
(0.1216108052031981 -0.01660255637874857 0)
(0.1257314176349287 -0.01768368642988362 0)
(0.1296478919311608 -0.01871722844013425 0)
(0.1333455700322815 -0.01969646368280689 0)
(0.1368076373385291 -0.02061818759321147 0)
(0.1400194873898429 -0.02147884330130618 0)
(0.142965508409659 -0.02227141137459793 0)
(0.1456365155338218 -0.02299509289479269 0)
(0.1480227651946149 -0.02363423337728843 0)
(0.150114969328778 -0.0241817101904876 0)
(0.151908256152453 -0.02462969609208918 0)
(0.1533909319559836 -0.02497869818610162 0)
(0.1545549203908214 -0.02523770382998563 0)
(0.15539249741377 -0.02541790852090292 0)
(0.1558974425106303 -0.02552573917126146 0)
(0.1560659408135993 -0.02555999295786322 0)
