(0.1599190988344579 -0.00370764792605356 0)
(0.1597509659905841 -0.003638248021076012 0)
(0.1592456556495157 -0.003428006590312841 0)
(0.1584069022878149 -0.003083092400642996 0)
(0.1572382659044944 -0.002613670411831761 0)
(0.1557431756404046 -0.002032902728309159 0)
(0.1539258415876811 -0.00135899031500049 0)
(0.1517967298441128 -0.0006044015638257561 0)
(0.1493624847921518 0.0002225658037308302 0)
(0.1466340087234609 0.001119433877965088 0)
(0.1436251574549799 0.002082594842789155 0)
(0.1403443989880549 0.003099667545057765 0)
(0.1368083245679665 0.004160919021191464 0)
(0.1330314401047772 0.005254705449942377 0)
(0.1290304677019299 0.0063742910123958 0)
(0.1248210431758709 0.007510985412581233 0)
(0.120420713200715 0.008654013019310281 0)
(0.115847936260024 0.009790556485564024 0)
(0.1111241243626368 0.01090666855793985 0)
(0.1062679104696646 0.01199352808230518 0)
(0.1012997511611121 0.01303823047286634 0)
(0.09624032111392124 0.0140328663849376 0)
(0.09111020776625875 0.01496752837739005 0)
(0.08593308293973109 0.01583417624737584 0)
(0.08073070759827622 0.01662685512726502 0)
(0.07552453737012058 0.01733261681187659 0)
(0.07033620236104 0.01794250928891584 0)
(0.06518711457987361 0.01844258530498018 0)
(0.06010072775129092 0.01881980941611385 0)
(0.05509762931345889 0.01906427418118795 0)
(0.05019858118209392 0.01917006835195989 0)
(0.04542447613107448 0.01913427782485184 0)
(0.04079425245722327 0.01895507478328227 0)
(0.03633019455712664 0.01863849293828022 0)
(0.03205176416025567 0.01819469305192316 0)
(0.0279772494703104 0.01762988331278957 0)
(0.02412280973638558 0.01694736200356794 0)
(0.02050617030783333 0.01616337141443995 0)
(0.01714288396001313 0.01529024488147568 0)
(0.01404984727391712 0.01432524277864676 0)
(0.01123570272844063 0.01325998014569425 0)
(0.008715047670108902 0.01210783298629718 0)
(0.006500136591592973 0.0108972938856204 0)
(0.00459975122532584 0.00966901848503721 0)
(0.003025317295618626 0.008432517453502411 0)
(0.001781611946642336 0.007182577452971271 0)
(0.000871148312112921 0.00588505636636054 0)
(0.0002997982185734133 0.00458273878964878 0)
(7.661770784450628e-005 0.003391339838990023 0)
(0.0002027014622981715 0.002358857448407564 0)
(0.0006788304332191464 0.001480252757406129 0)
(0.001496951824696155 0.0006627887589280672 0)
(0.002650932093861941 -0.0001423134323346731 0)
(0.004137734674352203 -0.0009129002779578277 0)
(0.005952146228122249 -0.001653748922112481 0)
(0.008084529425742976 -0.002333409056668576 0)
(0.01052919951128428 -0.002921603899267098 0)
(0.01327516695430875 -0.00341785363664703 0)
(0.01630809612461533 -0.003829539983157914 0)
(0.01961890834943503 -0.004158268460756622 0)
(0.02319031447328943 -0.004410290877409018 0)
(0.0270069361983685 -0.004593944376298858 0)
(0.03105117903348223 -0.004722474102943078 0)
(0.03530692734892323 -0.004798179291808579 0)
(0.03975598017976618 -0.004825270035030692 0)
(0.04437857046082845 -0.004820900432237952 0)
(0.0491521520791995 -0.004797098483788882 0)
(0.05405717606663353 -0.004766023048204108 0)
(0.05907235707476576 -0.00473375145590003 0)
(0.06417675871033034 -0.004698368651520393 0)
(0.06934940096067402 -0.004658958627930527 0)
(0.07456643752664097 -0.004611477375168916 0)
(0.07980588934735637 -0.004554965266713526 0)
(0.08504577736194542 -0.004488462676042314 0)
(0.09026399165137122 -0.004414007121297994 0)
(0.09543842229659691 -0.004333636120623271 0)
(0.1005448740433676 -0.004251298049829288 0)
(0.105562105162706 -0.004172071191110863 0)
(0.1104686994480852 -0.004105030019549141 0)
(0.1152437641256267 -0.004047260431566289 0)
(0.1198680555627962 -0.004003927948131855 0)
(0.1243196383181064 -0.003973073894502221 0)
(0.1285796613335092 -0.0039508723576527 0)
(0.1326301853604035 -0.003935539140389133 0)
(0.1364553128660188 -0.00392437823607051 0)
(0.1400379727918135 -0.003918646211554787 0)
(0.1433631357950764 -0.003918687824253065 0)
(0.1464139052948154 -0.003921763448136967 0)
(0.1491812026182615 -0.003929478605163371 0)
(0.151651564522961 -0.003929234045250179 0)
(0.1538141759560259 -0.003916553762250046 0)
(0.1556623052962293 -0.003885138131121923 0)
(0.1571847885355844 -0.003838503531491119 0)
(0.1583761506197223 -0.003787421396858206 0)
(0.1592318283037209 -0.00374470487655429 0)
(0.1597474764395949 -0.003718171878802561 0)
(0.1599190988344579 -0.00370764792605356 0)
