(0.1548738727668022 -0.02907171218268184 0)
(0.154734390577534 -0.02895496579568442 0)
(0.1543156883573953 -0.02860250522930729 0)
(0.1536194727560092 -0.02802133671984842 0)
(0.1526460823424257 -0.02722222527408902 0)
(0.1513948296252646 -0.02621875497667259 0)
(0.14986425670505 -0.0250295503954899 0)
(0.1480605959588908 -0.02366965006356697 0)
(0.1459876890739856 -0.02214896566287336 0)
(0.1436551886288766 -0.02047313880022724 0)
(0.1410752242598248 -0.01864977683549752 0)
(0.1382521489586973 -0.01669323426142354 0)
(0.1351988593187576 -0.01461778265402894 0)
(0.1319256885077409 -0.01243888893429224 0)
(0.1284465591793405 -0.01016800560037469 0)
(0.1247737702543425 -0.007818122515535779 0)
(0.1209208159984878 -0.005404792968563244 0)
(0.1169014463298512 -0.002945791653629695 0)
(0.1127318882242271 -0.0004608590179585176 0)
(0.1084272596802636 0.002035989014760818 0)
(0.1040031900012773 0.004526293710069037 0)
(0.09947701859130145 0.006996294796610805 0)
(0.09486540081408266 0.009430352617789208 0)
(0.09018849515151652 0.01181368084181892 0)
(0.08546526474054364 0.01413405656244286 0)
(0.08071227857710143 0.01637267902505842 0)
(0.07594747373770058 0.01851450624554616 0)
(0.07118707719813515 0.02053979777668268 0)
(0.06644953733958406 0.02242906882357876 0)
(0.06175150952579391 0.02416667972963747 0)
(0.05711101720108458 0.02574074960874504 0)
(0.0525471098702059 0.02714221665265007 0)
(0.04807729967280949 0.02836364278600857 0)
(0.04372465398755594 0.0294040814140129 0)
(0.03951078919581671 0.0302673707727685 0)
(0.03545501390576929 0.03095393234804101 0)
(0.03157373127991951 0.03146205258802037 0)
(0.02788873043525729 0.0318018919248234 0)
(0.02441855302295765 0.03198053606037042 0)
(0.02117848977728729 0.03199029126698335 0)
(0.01817426177068669 0.03182056182240595 0)
(0.01542381298185339 0.03147971514132267 0)
(0.0129473986137725 0.03099124008815972 0)
(0.01076561934066589 0.03039126991936604 0)
(0.008892231982795415 0.02968543933957291 0)
(0.007330224902548407 0.02886733978495976 0)
(0.006071728185534933 0.02790365362584658 0)
(0.005135207468401154 0.02683341956435386 0)
(0.004564095858255957 0.02576427386391946 0)
(0.004373870629358206 0.02474166379048443 0)
(0.004563761373612071 0.02376054886080151 0)
(0.005098201447205089 0.02273490574171093 0)
(0.005956673092631204 0.02162005757536745 0)
(0.007142941982560394 0.0204380456800017 0)
(0.008650599553172128 0.01918588169322635 0)
(0.01047991181008084 0.01789645830786237 0)
(0.01263456150924083 0.01660036044353659 0)
(0.01510421203182342 0.01530135032182562 0)
(0.017872971519991 0.01399669868376971 0)
(0.02093169869986986 0.01268760432541724 0)
(0.02426202465590337 0.01137330374085922 0)
(0.02784677581748978 0.01005046999865848 0)
(0.0316651891280692 0.008711761744560544 0)
(0.03570120344527907 0.007359832222996274 0)
(0.0399361942012286 0.005996139333441597 0)
(0.04434615087354302 0.004610266991445558 0)
(0.04890595396270178 0.003197523636091099 0)
(0.05359330304704674 0.001752191646031196 0)
(0.05838607044053809 0.0002748755959301845 0)
(0.06326486461828268 -0.001226302398581311 0)
(0.06820995203524398 -0.002744159914493447 0)
(0.07319980612895313 -0.004267669390504059 0)
(0.07821375366175282 -0.005789306383459974 0)
(0.08323112139598576 -0.00730154645020803 0)
(0.08823021003356468 -0.008799684225457417 0)
(0.09318932027640235 -0.01027901434391734 0)
(0.09808418940088325 -0.01173602678525189 0)
(0.1028930317411109 -0.01316917728217597 0)
(0.1075926935506156 -0.01458068033788758 0)
(0.1121641253246474 -0.01596147414413531 0)
(0.1165874207825515 -0.0173106984739207 0)
(0.120842248706814 -0.0186198891914698 0)
(0.1249117809980698 -0.01987972883619705 0)
(0.1287794452092881 -0.02108312135290181 0)
(0.132430890298823 -0.0222227150340493 0)
(0.1358494574518345 -0.02329457492244455 0)
(0.1390207092588675 -0.02429451040855847 0)
(0.1419293549856553 -0.02521482776471294 0)
(0.1445662533583241 -0.0260543281948596 0)
(0.1469223529219029 -0.02679694710554247 0)
(0.1489886851381363 -0.02743516350470182 0)
(0.1507607242795388 -0.02796094509560966 0)
(0.1522267656467084 -0.02837428842717254 0)
(0.1533783485549646 -0.02868382001750249 0)
(0.154207267971961 -0.02890038779009642 0)
(0.154707028966068 -0.0290301412053473 0)
(0.1548738727668022 -0.02907171218268184 0)
