(0.1535297602634594 -0.03252809175103263 0)
(0.1533955032362066 -0.0324053723530825 0)
(0.1529925736417804 -0.03203498371673473 0)
(0.1523223708977167 -0.03142399985291382 0)
(0.1513847636878219 -0.03058319029067438 0)
(0.1501784726456053 -0.0295260961976685 0)
(0.1487012288669468 -0.0282712608226432 0)
(0.1469586028255158 -0.02683398023774465 0)
(0.1449540002105808 -0.02522432426325948 0)
(0.1426968183301348 -0.02344835017600874 0)
(0.1401988434473358 -0.02151418718264307 0)
(0.137463798276788 -0.01943636598844388 0)
(0.1345039446196529 -0.017229707127554 0)
(0.131328931151162 -0.01491011352631652 0)
(0.127952167722774 -0.01248963408027672 0)
(0.1243853749395501 -0.009981782760612507 0)
(0.1206413557987517 -0.007402686664431595 0)
(0.1167330718103083 -0.004770703331339048 0)
(0.1126758734393144 -0.002106262230769542 0)
(0.1084842529294287 0.000575974615801899 0)
(0.1041730195496456 0.003256884301905467 0)
(0.09975889598612123 0.005921963318733922 0)
(0.09525783955814712 0.008554860398414989 0)
(0.09068934459047699 0.01113992398184433 0)
(0.08607182301566421 0.01366411563584735 0)
(0.08142100798223567 0.0161079297705219 0)
(0.0767541633724477 0.01845555631409584 0)
(0.07208663965139479 0.02068656579713449 0)
(0.06743601772666884 0.02278068726287098 0)
(0.06281825491756129 0.024721569443433 0)
(0.05825083927709307 0.02649655658907836 0)
(0.05375240690858217 0.02809576458866236 0)
(0.04934012883971395 0.02951099857743754 0)
(0.04503700920423022 0.03074030667661946 0)
(0.04086481123100468 0.03178658057585081 0)
(0.03684284353564912 0.03264939913007658 0)
(0.03298741892441317 0.033326334922509 0)
(0.02932074896769972 0.03382658828685053 0)
(0.02586166674311721 0.03415642940553835 0)
(0.02262511283585356 0.03430750490115725 0)
(0.0196163406942425 0.03426897958655582 0)
(0.01685364219979225 0.03404843020713614 0)
(0.01435827784689907 0.03366843975158499 0)
(0.01215240481301748 0.03316420849670879 0)
(0.01025001260732877 0.03254076572007664 0)
(0.008653807210333639 0.03179157860686417 0)
(0.007354472903461751 0.03088370451923651 0)
(0.006372160592434853 0.0298553395433622 0)
(0.005754957073537306 0.02881212297128308 0)
(0.005520307271990169 0.02779878370399207 0)
(0.005667221650164075 0.02681031966039425 0)
(0.006156415130719059 0.02576234077769551 0)
(0.006965440707339204 0.02461110769253227 0)
(0.008099021897406453 0.02337847648834925 0)
(0.009550625886096439 0.02206174118464569 0)
(0.01132195318495488 0.02069375156468549 0)
(0.01341801714022514 0.01930490279847051 0)
(0.01582865507704957 0.0178994044037568 0)
(0.01853787121451412 0.01647522291233735 0)
(0.02153658526996143 0.01503395471603845 0)
(0.02480641250731228 0.01357563827648271 0)
(0.0283300505826877 0.01209769892936301 0)
(0.03208643597598188 0.0105937079795744 0)
(0.03605963856437757 0.009067016723437184 0)
(0.04023111509912772 0.00751989406507138 0)
(0.04457642356733205 0.005942981158106721 0)
(0.04907026373465457 0.004332686604132592 0)
(0.05369010700535681 0.002684270954441282 0)
(0.05841387312522948 0.0009993034043848797 0)
(0.06322254330752222 -0.0007132558144244379 0)
(0.06809671608205227 -0.002445370349906997 0)
(0.07301536639033648 -0.004185084161088513 0)
(0.07795816888265958 -0.005923978212456946 0)
(0.08290479820930634 -0.007653633468500266 0)
(0.0878337809702644 -0.009368402532303973 0)
(0.09272364376552142 -0.01106263800695357 0)
(0.09755030006913532 -0.01273177488773486 0)
(0.1022920523103291 -0.01437332009976323 0)
(0.1069256721845965 -0.01598847608628414 0)
(0.1114325235886195 -0.01756735873615288 0)
(0.115792756710686 -0.0191082403413496 0)
(0.1199864288845134 -0.02060177798682975 0)
(0.1239971344492808 -0.02203792904878086 0)
(0.1278086262568356 -0.02340888134588785 0)
(0.1314068876015222 -0.02470666418416784 0)
(0.1347754471644232 -0.02592661970433567 0)
(0.1379000640691187 -0.02706393153443837 0)
(0.1407657977304205 -0.02811024629706069 0)
(0.1433635678656715 -0.02906396760037639 0)
(0.1456850323626048 -0.02990865132194221 0)
(0.1477215592800922 -0.03063639242587209 0)
(0.1494689775620004 -0.03123896885094442 0)
(0.1509155937997423 -0.03171586659753321 0)
(0.1520525790778993 -0.03207533492333428 0)
(0.1528712629937207 -0.03232785352854081 0)
(0.1533648885616174 -0.0324792827156834 0)
(0.1535297602634594 -0.03252809175103263 0)
