(0.1520361618981153 -0.03592255224795946 0)
(0.1519073855987599 -0.03579409344240552 0)
(0.1515209956294303 -0.03540648179190792 0)
(0.1508780815117042 -0.0347668456162358 0)
(0.1499780422941123 -0.03388593846630653 0)
(0.1488190091704 -0.03277723281639854 0)
(0.1473979065507914 -0.03145915529798717 0)
(0.1457196324018029 -0.02994723040539604 0)
(0.1437871499318497 -0.0282516669287536 0)
(0.1416095832900659 -0.0263789262845131 0)
(0.1391983529306847 -0.0243376440517 0)
(0.1365565442046486 -0.02214249948811439 0)
(0.1336957607799815 -0.01980883387428922 0)
(0.1306249484726098 -0.017352955869808 0)
(0.1273569788053427 -0.01478748783184253 0)
(0.1239029717566789 -0.01212644211487697 0)
(0.1202750146841677 -0.009386488925492995 0)
(0.1164852560166217 -0.006586533704108142 0)
(0.1125481404879533 -0.003747656053712176 0)
(0.1084775070000221 -0.0008851361835744559 0)
(0.1042873165972151 0.001981275229364017 0)
(0.09999364341522778 0.004836359047097434 0)
(0.09561171635323233 0.007663083516045911 0)
(0.09116032847028543 0.01044496164341841 0)
(0.08665730544639319 0.01316816428852146 0)
(0.08211751463372949 0.01581251815615231 0)
(0.07755751385751522 0.0183614751822564 0)
(0.07299174785166258 0.02079395576384392 0)
(0.06843689658391955 0.0230889413691887 0)
(0.06390818895345823 0.02522940024471081 0)
(0.05942254433249769 0.02720192586797854 0)
(0.05499814994804221 0.02899583063992126 0)
(0.05065180302978375 0.03060217850577884 0)
(0.04640640067686932 0.03201801601830226 0)
(0.04228381153813172 0.03324528281617585 0)
(0.03830330748156984 0.03428271592519752 0)
(0.03448107990482321 0.03512717868432758 0)
(0.03083972055072104 0.03578689381549606 0)
(0.02739831807347151 0.03626730404600831 0)
(0.02417143446893077 0.03655941224984069 0)
(0.02116384556108823 0.03665216440034122 0)
(0.01839415631462674 0.03655233215086405 0)
(0.01588459204479423 0.0362815496263541 0)
(0.0136588242548313 0.03587401711824768 0)
(0.01173104851301277 0.03533414890353601 0)
(0.01010368326696509 0.0346553003519752 0)
(0.008765984726937251 0.03380496652575905 0)
(0.007739750709332249 0.03282042818668317 0)
(0.007077630163660142 0.03180512656499686 0)
(0.006799002458697453 0.03080298705273959 0)
(0.006902660810922515 0.02980905549271446 0)
(0.00734567649084529 0.02874073573377402 0)
(0.008103715972492348 0.02755530916740044 0)
(0.009182451626473812 0.02627440503795548 0)
(0.01057523882254582 0.02489560489781266 0)
(0.01228520934116493 0.02345165308924928 0)
(0.01431869757567412 0.0219726971737086 0)
(0.01666573414041595 0.02046338595206978 0)
(0.01931024978027801 0.0189223856177009 0)
(0.02224324248865347 0.01735168711938356 0)
(0.02544634670533053 0.01575213081305808 0)
(0.02890216424914798 0.01412189920256724 0)
(0.03258937123206182 0.01245548848934213 0)
(0.03649219887469425 0.01075694164220949 0)
(0.04059222054556989 0.009029334250945459 0)
(0.04486460926802371 0.00726438252235646 0)
(0.04928393223333831 0.005459602056969307 0)
(0.05382747555615733 0.003611240600525599 0)
(0.05847324844512082 0.001721828982012635 0)
(0.06320264105496277 -0.000198851507285997 0)
(0.06799662092215537 -0.002141925883873734 0)
(0.07283470451459502 -0.004094532386107702 0)
(0.07769695306096687 -0.006047373412229596 0)
(0.08256342778995614 -0.007991151360481124 0)
(0.08741292207546277 -0.009919287552465097 0)
(0.09222422929138675 -0.01182520330978434 0)
(0.09697348495953051 -0.01370328733309225 0)
(0.1016391209067958 -0.01555010248561449 0)
(0.1061978784870375 -0.01736583686172488 0)
(0.1106315704732513 -0.01913980286235278 0)
(0.114920441307913 -0.02086940858724735 0)
(0.1190449748379696 -0.02254445012686326 0)
(0.1229892190702526 -0.02415417881086631 0)
(0.1267372830828571 -0.02569008120275814 0)
(0.130275511187714 -0.02714358279477683 0)
(0.1335876509159201 -0.02850931169204685 0)
(0.1366596850324083 -0.02978183492842915 0)
(0.1394770515413223 -0.03095215537790004 0)
(0.1420307484360553 -0.03201828209167792 0)
(0.1443131588267298 -0.03296342272065401 0)
(0.1463160038007352 -0.033779303232801 0)
(0.1480354749131328 -0.03445752745356449 0)
(0.1494599123052182 -0.03499707181321347 0)
(0.150580135637177 -0.03540579260609664 0)
(0.1513870256404585 -0.03569378136039854 0)
(0.1518735761378207 -0.03586659806536845 0)
(0.1520361618981153 -0.03592255224795946 0)
