(0.1503959208201489 -0.03924863212497789 0)
(0.150272870381696 -0.03911467844045764 0 )
(0.1499037555527306 -0.03871058161661733 0)
(0.1492893538849059 -0.03804351071290895 0)
(0.1484285959354224 -0.03712418283211723 0)
(0.1473190270156407 -0.03596597610952644 0)
(0.1459567707046885 -0.03458716548319993 0)
(0.1443460431383719 -0.03300347431788146 0)
(0.1424893594036173 -0.03122523094052907 0)
(0.1403955531223631 -0.02925928860755473 0)
(0.1380756572004342 -0.02711477283204325 0)
(0.1355321137519704 -0.02480648348151187 0)
(0.1327758462236164 -0.02235025337988421 0)
(0.1298150805431246 -0.01976276587552376 0)
(0.1266621254029794 -0.01705719275985458 0)
(0.1233274789876058 -0.01424801809735384 0)
(0.1198224900058687 -0.01135242347139157 0)
(0.1161584706802397 -0.008389826235617362 0)
(0.1123489325170765 -0.005381916000353719 0)
(0.1084070347333038 -0.002344562075917522 0)
(0.1043458635730595 0.0007018946868151514 0)
(0.1001808140235476 0.003741548491134122 0)
(0.09592635757474578 0.006756719518662846 0)
(0.09160055024635769 0.009730116726851434 0)
(0.08722059753364701 0.01264714659204283 0)
(0.0828004726915849 0.01548700651474771 0)
(0.07835599596959539 0.0182324419388095 0)
(0.07390067887403633 0.02086176325390569 0)
(0.06945026868154519 0.02335324436332052 0)
(0.06501923688209958 0.02568920544867744 0)
(0.06062390196013009 0.02785551473493262 0)
(0.05628196764590698 0.02984070147954178 0)
(0.05200982539664741 0.03163510544802026 0)
(0.04783022169097394 0.03323477724670915 0)
(0.04376508896946252 0.03464070077112194 0)
(0.03983362566740305 0.03585077362205265 0)
(0.03605187095257929 0.03686115586502222 0)
(0.03244275373558025 0.03767907695776971 0)
(0.02902558191087571 0.03830914181192788 0)
(0.02581451116540319 0.0387417266794054 0)
(0.02281383060775542 0.03896557973601771 0)
(0.02004242287018218 0.03898665465284405 0)
(0.01752343578163227 0.03882559550930096 0)
(0.01528201011108055 0.03851553750925613 0)
(0.01333252046382435 0.03806027152629574 0)
(0.01167709315096338 0.03745305376318774 0)
(0.01030357676298035 0.03666187885715112 0)
(0.00923537453357709 0.0357230412795596 0)
(0.008529597345221573 0.03473758729260893 0)
(0.008207522120515912 0.03374855516490488 0)
(0.008267727127227092 0.03275104809366833 0)
(0.008663721700991542 0.03166442106586666 0)
(0.009369332116428056 0.03044705754512706 0)
(0.01039116879969508 0.0291203187642324 0)
(0.01172248795356054 0.02768207841208296 0)
(0.01336784666586976 0.02616491305925285 0)
(0.01533488831918758 0.02459866527103006 0)
(0.01761385579434899 0.02298841428216018 0)
(0.02018863695078364 0.02133352848656307 0)
(0.02305032519376643 0.0196363896000915 0)
(0.02618060909884073 0.0178986382733382 0)
(0.02956202776598971 0.01611921763800311 0)
(0.03317303753046408 0.01429355926884671 0)
(0.03699806097309327 0.01242639011118125 0)
(0.04101882315581389 0.01052158658587905 0)
(0.04521015939775734 0.008571955721594381 0)
(0.04954655272862163 0.006576124846987085 0)
(0.05400514721060432 0.004531336044877318 0)
(0.05856408337591602 0.002441076960310767 0)
(0.06320519574567324 0.000315931324998543 0)
(0.06790985709237921 -0.001834404140181409 0)
(0.07265816440187739 -0.003996186436011928 0)
(0.07743060343583782 -0.006159257093001832 0)
(0.08220765995593061 -0.008313457641659954 0)
(0.08696843447798613 -0.01045129064499466 0)
(0.09169202751783474 -0.01256525866601431 0)
(0.09635484207241402 -0.01464871479216715 0)
(0.1009354804225478 -0.01669728436757433 0)
(0.1054106978546069 -0.01871014077968968 0)
(0.1097627906383212 -0.02067581328596891 0)
(0.1139721350761808 -0.02259085072775963 0)
(0.1180196786784691 -0.0244442076247375 0)
(0.1218899534851953 -0.0262244497207515 0)
(0.1255674550499755 -0.02792237852993023 0)
(0.1290389146967053 -0.02952883205279556 0)
(0.1322883297439942 -0.03103773458458887 0)
(0.1353019332807314 -0.03244304690694482 0)
(0.1380655696199792 -0.03373514527177204 0)
(0.1405703321670125 -0.03491164796321777 0)
(0.1428093437535257 -0.03595544637069858 0)
(0.1447746942548068 -0.03685791321613618 0)
(0.146462945086703 -0.03761049419423886 0)
(0.1478624921355962 -0.03821165811359373 0)
(0.1489638211125752 -0.0386688533502996 0)
(0.149757381242335 -0.03899176405073483 0)
(0.1502359304926371 -0.0391856393071119 0)
(0.1503959208201489 -0.03924863212497789 0)
