(0.1486121593216773 -0.0425 0)
(0.1484950689776302 -0.04236080642496536 0)
(0.148143931920085 -0.04194099364905389 0)
(0.1475592122506568 -0.04124775782468827 0)
(0.1467393740709609 -0.04029175920590638 0)
(0.1456813814826123 -0.0390862561229574 0)
(0.14438056461263 -0.03764933703310944 0)
(0.1428404497404557 -0.03599689424120792 0)
(0.1410630990439157 -0.03413935595048313 0)
(0.1390570388024517 -0.03208395421174262 0)
(0.1368328933717168 -0.02984028710119776 0)
(0.1343924569803448 -0.02742324692369393 0)
(0.1317459520602003 -0.02484912790786524 0)
(0.12890086899234 -0.02213495633315328 0)
(0.1258689302086282 -0.01929442835198077 0)
(0.1226599921155254 -0.01634247216757798 0)
(0.1192846431702997 -0.01329674803398277 0)
(0.1157533378556232 -0.01017714825604053 0)
(0.112078628730379 -0.00700593116400048 0)
(0.108272970277239 -0.003799524961092883 0)
(0.1043485490296828 -0.0005788219521631523 0)
(0.1003200515211897 0.002639615684962222 0)
(0.0962011642852393 0.005837493721649174 0)
(0.09200917193152237 0.008996749980071213 0)
(0.08776062701892219 0.01210205433320942 0)
(0.08346858210632201 0.01513201447621838 0)
(0.07914808975260508 0.01806870220586783 0)
(0.07481170251665467 0.02088985919190854 0)
(0.07047420500816161 0.02357309312949513 0)
(0.06614928376060535 0.02610010978999353 0)
(0.06185262530746538 0.0284560790463848 0)
(0.05760141618222118 0.0306287688478614 0)
(0.05341161086754465 0.03260781316901953 0)
(0.04930576192231903 0.03438827418768568 0)
(0.04530582382921625 0.03597017818330148 0)
(0.0414308850455044 0.03735058733369343 0)
(0.03769680197764406 0.03852496574047666 0)
(0.03412679705749955 0.03949953583551551 0)
(0.03074036066612765 0.04027805594905916 0)
(0.02755121523539268 0.04085029403030006 0)
(0.02456315499392871 0.04120482187600792 0)
(0.02179530429738871 0.04134676384183576 0)
(0.01927168942521433 0.04129573466449327 0)
(0.01701887255523204 0.04108374138553566 0)
(0.01505137996688349 0.04071394425900075 0)
(0.01337104178718756 0.04017951315786963 0)
(0.01196432211775944 0.03944900321841362 0)
(0.01085618506021423 0.03855765353299545 0)
(0.0101080947161671 0.03760392304845413 0)
(0.009743185060214238 0.03662988098417129 0)
(0.009759822117759442 0.03563069721312803 0)
(0.01010804178718756 0.03452783137277238 0)
(0.01075987996688349 0.03328084821831891 0)
(0.01172287255523204 0.03191080030865089 0)
(0.01299018942521433 0.03041585751674937 0)
(0.01456780429738871 0.02882836663013169 0)
(0.01646465499392871 0.02717780841091137 0)
(0.01867121523539268 0.02546968285908843 0)
(0.02117136066612765 0.02370406177143257 0)
(0.02395629705749955 0.02188371309713624 0)
(0.02700780197764406 0.02001107465837293 0)
(0.03030838504550441 0.01808585222650859 0)
(0.03383632382921625 0.01610442144589024 0)
(0.03757626192231903 0.01407218424030653 0)
(0.04151011086754464 0.01199381048273853 0)
(0.04561241618222119 0.009863211715918131 0)
(0.04985762530746539 0.00768012960959612 0)
(0.05422278376060535 0.005442805833523307 0)
(0.0586862050081616 0.003155678209873202 0)
(0.06323020251665468 0.0008301127640495849 0)
(0.06783658975260508 -0.001523390503947533 0)
(0.07248608210632201 -0.003890233517906815 0)
(0.07715962701892219 -0.00625941627782825 0)
(0.08183817193152237 -0.008619938783711841 0)
(0.0865011642852393 -0.01096339911176894 0)
(0.09112805152118972 -0.0132813953382109 0)
(0.09569554902968279 -0.01556625759005665 0)
(0.100182470277239 -0.01781268201972889 0)
(0.104565628730379 -0.02001882888126546 0)
(0.1088278378556232 -0.02217246612385879 0)
(0.1129496431702997 -0.0242692898999316 0)
(0.1169124921155254 -0.02629743418408011 0)
(0.1207014302086281 -0.02824480090009295 0)
(0.12430136899234 -0.03010152402256634 0)
(0.1276994520602003 -0.0318578715006927 0)
(0.1308799569803448 -0.03350707538527962 0)
(0.1338293933717167 -0.03504250170173089 0)
(0.1365340388024517 -0.0364539183992389 0)
(0.1389850990439157 -0.03773855752861126 0)
(0.1411764497404557 -0.03887902678500254 0)
(0.14310056461263 -0.0398663620667976 0)
(0.1447543814826124 -0.04069186722157375 0)
(0.1461263740709609 -0.0413535063509461 0)
(0.1472067122506568 -0.0418583057343563 0)
(0.147985431920085 -0.04221552370205356 0)
(0.1484550689776302 -0.04243008845726812 0)
(0.1486121593216773 -0.0425 0)
