(0.1596765493377984 -0.007408238133550945 0)
(0.159511603700475 -0.007331570430259406 0)
(0.1590159449052924 -0.007099487775245863 0)
(0.1581930347965865 -0.006718315959669851 0)
(0.157045986595722 -0.006198365553483284 0)
(0.1555776520568357 -0.005552935710732343 0)
(0.1537914433500485 -0.004800393714696415 0)
(0.1516972727481265 -0.003953652614922831 0)
(0.1493014163680144 -0.003021292059195554 0)
(0.1466146580399057 -0.002006263150080993 0)
(0.1436506830223453 -0.0009127746520718912 0)
(0.1404174111987033 0.000246434696769925 0)
(0.1369309934771623 0.001460917496534914 0)
(0.1332054140650236 0.002718408269402855 0)
(0.1292570853376981 0.004011448199558489 0)
(0.1251012491644135 0.005330673237533116 0)
(0.1207549654923079 0.006664552632976363 0)
(0.116236116151732 0.007999476090398923 0)
(0.1115654844013882 0.009320575652385152 0)
(0.1067613006945982 0.01061822580223811 0
(0.101843439251109 0.01187864193298301 0)
(0.0968322100693812 0.01309302041113549 0)
(0.09174774883639006 0.01425056521381503 0)
(0.08661335413469058 0.01534221124030905 0)
(0.081450506468927 0.01636106009078663 0)
(0.07628007625354435 0.01729324000253023 0)
(0.07112328252595872 0.01812886399161467 0)
(0.06600090854487237 0.0188530641006243 0)
(0.06093581711412653 0.01945179425535608 0)
(0.05594814392069642 0.01991425843292949 0)
(0.05105837327452821 0.02023364538925636 0)
(0.04628725095279634 0.02040613246434281 0)
(0.04165361749902181 0.02042906750437854 0)
(0.03717999928676185 0.02030750644590974 0)
(0.03288628272845044 0.02005075147150323 0)
(0.02879100941885248 0.01966420714067618 0)
(0.02491046709610842 0.019150463740337 0)
(0.0212630727177125 0.01852497493272653 0)
(0.01786490222879187 0.01779938391277876 0)
(0.01473271662772856 0.0169702166434708 0)
(0.0118747844208634 0.01602871916553317 0)
(0.009306272514368163 0.0149876180243407 0)
(0.007040666566461559 0.01387484415296782 0)
(0.005088513325482866 0.01273063144383707 0)
(0.003461642490538569 0.01156398313075912 0)
(0.002164599256405372 0.0103694824615298 0)
(0.001198405106622238 0.009112910193442975 0)
(0.0005707925169196881 0.007836754075545616 0)
(0.000295856332248795 0.006656224069845372 0)
(0.0003767838335634044 0.005619224677593391 0)
(0.0008141354368478154 0.004720687769556468 0)
(0.001595820879234155 0.003868315861783064 0)
(0.002713584750535417 0.003013644037037668 0)
(0.004165359698299675 0.002178937201649297 0)
(0.005945728970322736 0.001359650160841223 0)
(0.008046436252950775 0.0005876236634245182 0)
(0.01046312285557958 -0.0001066463594588318 0)
(0.01318483063653014 -0.0007222011946386026 0)
(0.01619691562408719 -0.001265790219301063 0)
(0.01949023775448239 -0.001738621421157664 0)
(0.02304725162764898 -0.00214618651546834 0)
(0.02685222992143083 -0.002496143918374701 0)
(0.03088701714556191 -0.002800958708023323 0)
(0.03513541271764454 -0.003062224976624517 0)
(0.0395790493543993 -0.003283354894299283 0)
(0.04419743055319299 -0.003480624006501069 0)
(0.04896750700601189 -0.003665065417964618 0)
(0.05386921798893653 -0.003847973700652918 0)
(0.05888103332310775 -0.004034491946854908 0)
(0.06398212007560837 -0.0042217936912748 0)
(0.06915155815777844 -0.004408048663314889 0)
(0.07436570036409205 -0.004588176541054959 0)
(0.07960263041119114 -0.004760259898154559 0)
(0.08484043201571771 -0.004922381308273242 0)
(0.0900569274270855 -0.005075611929164833 0)
(0.09522993889470824 -0.005221022918583161 0)
(0.100335121967118 -0.00536150351219274 0)
(0.1053510336211984 -0.00550120060758442 0)
(0.1102558822108619 -0.005648245881141416 0)
(0.1150289219589342 -0.005798816672869846 0)
(0.1196507022316951 -0.005957234191846053 0)
(0.1240993939015292 -0.0061205848170315 0)
(0.1283563307364011 -0.006284224005219703 0)
(0.1324036683874878 -0.006445586758343112 0)
(0.1362256420511055 -0.006601286195121583 0)
(0.1398051421059009 -0.006751833057324587 0)
(0.1431271384756602 -0.006896916203509007 0)
(0.146174870162001 -0.007033061596651942 0)
(0.1489391971011552 -0.007161477224464848 0)
(0.1514072184362623 -0.00726898857017216 0)
(0.1535683246486145 -0.007350652141811284 0)
(0.1554160653097815 -0.007399880680994439 0)
(0.1569391336551134 -0.007419700253343765 0)
(0.1581315899979494 -0.007420633221824532 0)
(0.1589883165348414 -0.007415281494540947 0)
(0.1595046312410552 -0.007411266006106746 0)
(0.1596765493377984 -0.007408238133550945 0)
