(0.1592728132167739 -0.01109472633870438 0)
(0.1591113687693966 -0.01101093677842958 0)
(0.1586263050347879 -0.0107574546816902 0)
(0.1578208046352397 -0.01034075082242336 0)
(0.1566975280882756 -0.009771261754011685 0)
(0.1552587443328421 -0.009062398364421914 0)
(0.1535070611217862 -0.008232659292119873 0)
(0.1514518180342762 -0.007295377663556476 0)
(0.1490989109748041 -0.006259398720968244 0)
(0.1464589847844605 -0.005128141142192353 0)
(0.143545528112728 -0.003906406628503999 0)
(0.1403658976490523 -0.00260726725396965 0)
(0.1369357732203468 -0.001241864967609413 0)
(0.1332685907114177 0.0001769364442182992 0)
(0.1293804215277549 0.001640969367077505 0)
(0.1252860845776029 0.003140213823001691 0)
(0.1210021206065439 0.004662405891917162 0)
(0.1165458007526377 0.006193168237835247 0)
(0.1119372399623354 0.007716740501329247 0)
(0.1071942314784654 0.009222711125855989 0)
(0.10233602932881 0.01069644172304237 0)
(0.09738254017211237 0.01212825112882215 0)
(0.0923534096147315 0.01350647528940634 0)
(0.08727151864999479 0.01482104146215205 0)
(0.08215802643389135 0.01606412084652356 0)
(0.07703317843906475 0.01722094452795555 0)
(0.07191774224292748 0.01828070937132819 0)
(0.06683183279193089 0.01922765501721477 0)
(0.06179767844844131 0.02004675149866554 0)
(0.05683492481881762 0.02072633476189149 0)
(0.05196373961418755 0.02125870653254915 0)
(0.04720468212425553 0.02163914287087915 0)
(0.04257645927519544 0.02186417233436792 0)
(0.03810179653730303 0.02193786346081626 0)
(0.03380096715105883 0.02186864214604708 0)
(0.02969273080731312 0.02166109903263004 0)
(0.02579347272861675 0.02131711148093512 0)
(0.0221222664228808 0.02085131510833793 0)
(0.01869568040352478 0.02027464080515302 0)
(0.01553030818080757 0.01958288673638992 0)
(0.01263402854894378 0.01876694660742765 0)
(0.01002254910268373 0.01783887327963437 0)
(0.007710560995076915 0.01682598286587548 0)
(0.00571035591403396 0.01576801092212179 0)
(0.004034145014952209 0.01467343610887259 0)
(0.002686232891177393 0.01353664857085994 0)
(0.001666147431619552 0.01232341707802823 0)
(0.0009834670419896219 0.01107585165464767 0)
(0.0006572985400306319 0.009908437799868724 0)
(0.0006929157381077855 0.008868895393229565 0)
(0.001090657450121338 0.007952136684231103 0)
(0.001834418960749332 0.007066479405534455 0)
(0.002913838707127511 0.00616386486370118 0)
(0.004327822486039176 0.005266626950450387 0)
(0.006070760442216411 0.004370461072436303 0)
(0.008135792994142882 0.003507537808475938 0)
(0.01051989581355561 0.002708514187756047 0)
(0.01321216300697946 0.001974825998391052 0)
(0.01619767013681744 0.001300369048181041 0)
(0.01946723314693273 0.0006843351831332493 0)
(0.02300308379133648 0.0001220032344857987 0)
(0.02678917566137808 -0.0003935919086303728 0)
(0.03080682682772307 -0.0008741115290067589 0)
(0.03503978259401284 -0.00132044154215196 0)
(0.03946954432178155 -0.001735189700912881 0)
(0.04407492508720313 -0.002133722015142075 0)
(0.04883241626282851 -0.002526055691808557 0)
(0.05372148355579272 -0.002922599516458007 0)
(0.05872039294066138 -0.003327552553083418 0)
(0.06380845460153783 -0.003737182306786798 0)
(0.06896484819633325 -0.004148747727531523 0)
(0.07416617062695131 -0.004556141852120195 0)
(0.07939061010644181 -0.00495649310432397 0)
(0.0846163548478545 -0.005346929907914006 0)
(0.0898212014856625 -0.005727555021245582 0)
(0.09498294665433894 -0.006098471202673983 0)
(0.1000771430462497 -0.006461503047892794 0)
(0.1050821871621527 -0.006819858176033637 0)
(0.1099759533980369 -0.007180709985673629 0)
(0.1147378824641977 -0.007539334537053401 0)
(0.1193483537511159 -0.007899200501689015 0)
(0.1237856859980334 -0.008256444858490258 0)
(0.1280314333311607 -0.008605613275220825 0)
(0.1320678802691854 -0.008943364835559383 0)
(0.1358794247467099 -0.009265628230707661 0)
(0.1394489511487064 -0.009572167405120667 0)
(0.1427614572760621 -0.009862015910776479 0)
(0.1458003496185181 -0.0101309719126846 0)
(0.1485564441199375 -0.0103798435648378 0)
(0.1510174268665679 -0.01059490616220852 0)
(0.1531729140697028 -0.01077075813723683 0)
(0.1550167487724662 -0.01090053713740896 0)
(0.1565375029766139 -0.01098677315405598 0)
(0.1577287836697246 -0.01103971944969189 0)
(0.1585849282318541 -0.0110717427027457 0)
(0.159100926674019 -0.01109025236733948 0)
(0.1592728132167739 -0.01109472633870438 0)
